image: 0427.png
resolution: 0.50000
#origin: [55, 160, 4.031712]
origin: [0, 0, 0]
negate: 0
occupied_thresh: 0.65
free_thresh: 0.196

